0,562
0,561
0,560
0,559
0,558
0,557
0,556
0,555
0,554
33,81
33,80
33,79
33,78
33,77
33,76
33,75
33,74
33,73
33,72
33,71
33,70
33,69
33,68
0,553
33,67
33,66
33,65
33,64
0,552
25,3
34,6
29,1
29,4
28,4
28,1
28,3
27,1
27,3
35,6
35,5
34,4
34,1
34,7
34,3
35,3
14,5
33,4
42,35
33,7
33,6
33,13
33,5
33,14
33,3
3,2
3,1
3,3
10,297
10,83
10,93
10,151
10,5
10,91
10,165
10,191
10,2
10,3
11,22
11,11
11,7
11,28
11,25
8,5
35,9
35,8
35,1
33,160
33,159
33,158
33,157
33,156
33,155
33,154
33,153
33,152
33,151
33,150
33,149
33,148
33,147
33,146
33,145
33,144
33,143
33,142
33,141
33,140
33,139
33,138
33,137
33,136
33,135
33,134
33,133
33,132
33,131
33,130
14,3
13,1
33,129
13,3
33,128
33,127
33,126
33,125
33,124
33,123
33,122
33,121
33,120
33,119
33,118
33,117
33,116
33,115
33,114
33,113
33,112
33,111
33,110
33,109
33,108
33,107
33,106
33,105
33,104
33,103
33,102
33,101
33,100
33,99
33,98
